45,5
0,451
45,4
45,3
45,2
0,450
45,1
45,0
0,449
0,448
0,447
0,446
0,445
0,444
44,5
0,443
0,442
0,441
44,4
44,3
44,2
0,440
44,1
44,0
0,439
0,438
0,437
0,436
43,4
0,435
0,434
0,433
43,3
43,2
0,432
43,1
43,0
0,431
0,430
0,429
42,3
42,2
0,428
42,1
42,0
0,427
0,426
41,3
41,2
0,425
41,1
41,0
0,424
0,423
0,422
0,421
0,420
0,419
0,418
0,417
0,416
0,415
0,414
0,413
0,412
0,411
0,410
35,35
40,5
40,4
40,3
40,2
40,1
40,0
39,5
39,4
39,3
39,2
39,1
39,0
38,4
38,3
38,2
38,1
38,0
37,3
37,2
37,1
37,0
36,3
36,2
36,1
36,0
30,2
30,0
34,5
34,4
34,2
34,0
34,1
34,3
33,5
33,4
33,2
33,0
33,1
33,3
31,2
31,0
0,278
32,4
32,2
32,0
32,1
32,3
31,1
31,3
30,1
30,3
11,27
11,26
11,25
11,22
11,21
11,20
11,19
10,303
10,302
10,301
10,300
10,299
10,298
10,297
10,296
10,295
10,294
10,293
10,292
10,291
10,290
10,289
10,288
10,287
10,286
10,285
10,284
10,283
